acy-1083       H1   2  3  4  6
acy-1083       R1   8  9  11 12 40 41 13
acy-1083       R2   16 17 19 21 23 25
acy-1083       R4   15 27 30 33 34 37 43 44
amc-m-001      B1   20 21 23 24 26 30 34 38
amc-m-001      H1   70 71 73 74 
amc-m-001      H2   14 15 17 18
amc-m-001      H3   20 21 23      
amc-m-001      R1   2  3  5  7  8  10 12 68
amc-m-001      R2   79 80 82 84 86 88 76
amc-m-001      R4   29 32 33 42 44 45 47 50 52 55 59 60 64
amc-m-002      B1   25 27 31 35 39 21 18 24 22 
amc-m-002      H1   71 72 74 75
amc-m-002      H2   14 15 17    
amc-m-002      R1   2  3  5  7  8  10 12 69
amc-m-002      R4   30 33 34 43 45 46 48 18 51 53 56 60 61 65  
amc-m-003      B1   20 23 21 24 26 30 36 40
amc-m-003      B2   29 32 34
amc-m-003      H1   60 61 63 64 
amc-m-003      H2   65 66 68 
amc-m-003      H3   14 15 17
amc-m-003      R1   2  3  5  7  8  10 12 58
amc-m-003      R2   47 48 50 52 54 56 44 
amc-m-003      R3   69 70 72 74 76 78
amc-m-004      B1   18 21 24 22 25 27 31 41 37
amc-m-004      B2   30 35 33 
amc-m-004      H1   47 48 50 51 
amc-m-004      H2   52 53 55
amc-m-004      H3   14 15 17 18   
amc-m-004      R1   2  3  5  7  8  10 12 45 
amc-m-004      R3   556 57 59 61 63 65
amc-m-005      B1   20 23 21 24 29 34 32 26 18
amc-m-005      B2   30 36 40
amc-m-005      H1   60 61 63 64 
amc-m-005      H2   65 66 68 69 70
amc-m-005      H3   14 15 17
amc-m-005      R1   2  3  5  7  8  10 12 58
amc-m-005      R2   47 48 50 52 54 56 44
amc-m-006      B1   18 21 24 22 25 27 31 41 37
amc-m-006      B2   30 35 33 
amc-m-006      H1   47 48 50 51  
amc-m-006      H2   52 53 55 56 59
amc-m-006      H3   14 15 17  
amc-m-006      R1   2  3  5  7  8  10 12 45
amc-m-007      B2   29 32 34 
amc-m-007      B1   18 20 23 21 24 26 30 36 40
amc-m-007      H1   60 61 63 64 
amc-m-007      H2   65 66 68
amc-m-007      H3   69 71 75
amc-m-007      H4   14 17 15   
amc-m-007      R1   2  3  5  7  8  10 12 58
amc-m-007      R2   47 48 50 52 54 56 44 
amc-m-008      B1   18 25 30 35 33 27 31 41 37
amc-m-008      H4   14 17 15 18
amc-m-008      H5   21 24 22
amc-m-008      H1   47 48 50 51 
amc-m-008      H2   52 53 55
amc-m-008      H3   56  58 62
amc-m-008      R1   2  3  5  7  8  10 12 45 
amc-m-009      B1   22 24 26 25 27
amc-m-009      H1   12 13 15 16
amc-m-009      H2   18 19 21 
amc-m-009      R1   2  3  5  7  8  10
amc-m-009      R2   34 35 37 39 41 43 31
amc-m-010      B1   22 25 27 26 28
amc-m-010      H2   18 21 19 
amc-m-010      H1   12 13 15 16
amc-m-010      R1   2  3  5  7  8  10
amc-m-011      B1   24 27 25 28 30 34 40 44 22
amc-m-011      B2   33 36 38 
amc-m-011      H1   12 13 15 16
amc-m-011      H2   18 19 21
amc-m-011      R1   2  3  5  7  8  10
amc-m-011      R2   51 52 54 56 58 60 48 
amc-m-012      B2   47 52 50
amc-m-012      B1   23 26 24 27 44 48 58 54 21
amc-m-012      H1   12 13 15 16 
amc-m-012      H2   29 30 32
amc-m-012      H3   18 18 20
amc-m-012      R1   2  3  5  7  8  10
amc-m-012      R2   65 66 68 70 72 74 62
amc-m-012      R3   33 34 36 38 40 42
amc-m-013      B1   23 26 24 27 36 40 46 50 21
amc-m-013      B2   39 42 44 
amc-m-013      H1   12 13 15 16 
amc-m-013      H2   29 30 32 33 68
amc-m-013      H3   17 18 20   
amc-m-013      R1   2  3  5  7  8  10
amc-m-013      R2   57 58 60 62 64 66 54
amc-m-014      B1   21 23 26 24 27 35 39 49 45
amc-m-014      B2   38 43 41
amc-m-014      H1   12 13 15 16 
amc-m-014      H2   29 30 32
amc-m-014      H3   17 18 20 
amc-m-014      H4   33 67 71
amc-m-014      R1   2  3  5  7  8  10
amc-m-014      R2   56 57 59 61 63 65
amc-m-015      B1   20 22 25 23 26  28 32 38 42
amc-m-015      B2   31 36 34 
amc-m-015      H1   12 13 15 60
amc-m-015      H2   16 17 19
amc-m-015      H3   61 62 66
amc-m-015      R1   2  3  5  7  8  10
amc-m-015      R2   49 50 52 54 56 58
amc-m-016      B1   20 22 25 23 26 28 32 38 42 
amc-m-016      B2   31 34 36
amc-m-016      H1   12 13 15 60
amc-m-016      H2   16 17 19
amc-m-016      H3   61 62 63 64 65 66
amc-m-016      R1   2  3  5  7  8  10
amc-m-016      R2   49 50 52 54 56 58
amc-m-017      B1   15 17 20 18 21 23 35 37 27
amc-m-017      B2   26 29 31
amc-m-017      H1   55 56 57
amc-m-017      H2   11 12 14
amc-m-017      R1   2  3  5  7  8  10
amc-m-017      R2   44 45 47 49 51 53
amc-m-018      B1   19 21 24 22 27 31 41 37  25
amc-m-018      B2    30 33 35 
amc-m-018      H1   11 12 14 59
amc-m-018      R1   2  3  5  7  8  10
amc-m-018      R2   45 48 49 51 53 55 57
amc-m-018      H2   15 18 16 
nexturastat    B1   18 21 24 27
nexturastat    B2   3  2  4 17 
nexturastat    H1   44 45 46 48
nexturastat    R1   31 34 35 37 39 40 42
nexturastat    R2   6  7  9  11 13 15
ricolinostat   H1   24 25 29 27
ricolinostat   R2   30 31 33 34 36 37 38
ricolinostat   R5   39 40 42 44 46 48
ricolinostat   R6   50 51 53 55 57 59
ricolinostat   R1   6  9  12 15 18 21
ricolinostat   H2   2  3  4   
rts-v5         B1   12 35 66 73 41 42 46 50
rts-v5         B2   23 72 62 24 31 2 71 64 3 
rts-v5         H1   13 58 68 69
rts-v5         R1   14 15 17 19 54 56
rts-v5         R2   6  8 10  29 27 26
rts-v5         S1   20 74 60 21
tubastatin     H1   2   3 5  9
tubastatin     R1   6  9  13 15 16 18 21
tubastatin     R4   8  12 24 25 27 29 31 33 34 35 38 42 45 48
